32 [_] 407,934 17.1662  
33 ! 170 0.0072  
34 " 5,804 0.2442  
35 # 425 0.0179  
36 $ 1,333 0.0561  
37 % 380 0.0160  
38 & 536 0.0226  
39 ' 5,816 0.2447  
40 ( 5,176 0.2178  
41 ) 5,307 0.2233  
42 * 1,493 0.0628  
43 + 511 0.0215  
44 , 17,546 0.7384  
45 - 32,638 1.3734  
46 . 35,940 1.5124  
47 / 3,681 0.1549  
48 0 13,109 0.5516  
49 1 10,916 0.4594  
50 2 7,894 0.3322  
51 3 4,389 0.1847  
52 4 3,204 0.1348  
53 5 3,951 0.1663  
54 6 2,739 0.1153  
55 7 2,448 0.1030  
56 8 2,505 0.1054  
57 9 2,433 0.1024  
58 : 10,347 0.4354  
59 ; 2,884 0.1214  
60 < 2,911 0.1225  
61 = 540 0.0227  
62 > 2,952 0.1242  
63 ? 3,503 0.1474  
64 @ 173 0.0073  
91 [ 205 0.0086  
92 \ 37 0.0016  
93 ] 210 0.0088  
94 ^ 8 0.0003  
95 _ 2,755 0.1159  
96 ` 21 0.0009  
97 a 123,287 5.1880  
98 b 24,227 1.0195  
99 c 50,211 2.1129  
100 d 59,577 2.5071  
101 e 203,824 8.5771  
102 f 32,616 1.3725  
103 g 37,064 1.5597  
104 h 65,217 2.7444  
105 i 116,488 5.0
106 j 2,061 0.0867  
107 k 16,047 0.6753  
108 l 75,450 3.1750  
109 m 39,060 1.6437  
110 n 118,108 4.9701  
111 o 137,119 5.7701  
112 p 36,791 1.5482  
113 q 1,774 0.0747  
114 r 101,201 4.2586  
115 s 103,814 4.3686  
116 t 151,376 6.3700  
117 u 49,901 2.0999  
118 v 20,109 0.8462  
119 w 30,974 1.3034  
120 x 4,635 0.1950  
121 y 26,924 1.1330  
122 z 1,417 0.0596 
123 [\n] 1,400 0.1